193720085, 193897223, 195924469, 196101607, 198502811, 198679949, 200707195, 

 200884333, 251112797, 251289935, 253317181, 253494319, 255895523, 256072661, 

 258099907, 258277045, 322853687, 323030825, 325058071, 325235209, 327636413, 

 327813551, 329840797, 330017935, 380246399, 380423537, 382450783, 382627921, 

 385029125, 385206263, 387233509, 387410647, 581120891, 1162212259, 

 1549672111, 2518243013, 4842529757, 5229930563, 5402640113, 9685029991, 

 10287122053, 10459831603, 10653541847, 11040942653, 15302351519, 

 15689752325, 21307054171, 22081855783, 30604673515, 31379475127, 

 31768470175, 32930731639, 45529081429, 62955839141, 65280362069, 

 91036640591, 96068245481, 104990942407, 106153203871, 136228461109, 

 136372001935, 137534263399, 146064945221, 146064945455, 146064945923, 

 146064947327, 146064948029, 146064949589, 146064951539, 146064952241, 

 146064953645, 146064954347, 146064954491, 146064960905, 146066992357, 

 146066992591, 146069551043, 146069551277, 146071598179, 146071598413, 

 146071611049, 146078762687, 146078763389, 146078763623, 146078767055, 

 146078771111, 146078771255, 146078771813, 146078778371, 146081283175, 

 146085888997, 146093603669, 146093605775, 146093610689, 146093612795, 

 146150920565, 146150924933, 146155530755, 146156633059, 146156633293, 

 146179579013, 146200561429, 146308896323, 146308900691, 146322871253, 

 146346770783, 146351529701, 146351534069, 146408846597, 146408848703, 

 146432741759, 146437505045, 146437507151, 146437509413, 153282465143, 

 153411073865, 156137877935, 156137880743, 156137884253, 156137887061, 

 156139849255, 156139925071, 156142483991, 156144531127, 156144543763, 

 156271624145, 156398205379, 173961161395, 176278796603, 176281014091, 

 176283743363, 176285790499, 176288349419, 176290396555, 176398377155, 

 176400581539, 176419359571, 176541669395, 176656303187, 183501263285, 

 184034094109, 184034100667, 186351729317, 186353870989, 186353946805, 

 186356676077, 186356676311, 186358647397, 186358723213, 186358723447, 

 186361281899, 186361282133, 186363329035, 186363329269, 186473514253, 

 186490422287, 186617003521, 186731794561, 191576882497, 209400783605, 

 211725306533, 236716241255, 236716392887, 236718610375, 236721339647, 

 236721339881, 236723386783, 236723387017, 236725794071, 236725945469, 

 236725945703, 236727992605, 236727992839, 236783341223, 236855085857, 

 236912481377, 236981667091, 239050595627, 239050602185, 240142245367, 

 246789325601, 246791543089, 246794272361, 246796319497, 246798878417, 

 246800925553, 246856273937, 246858242449, 246929888569, 246987205465, 

 247052198393, 249123534899, 266940137789, 266940144107, 266942184925, 

 266944592213, 266944743845, 266946790981, 266946796597, 266946803617, 

 266946809233, 267073883999, 267200465233, 270232434787, 270361043509, 

 272162902661, 272306443487, 274487425589, 277013070503, 277013070737, 

 277013076821, 277015117639, 277015117873, 277017676325, 277017676559, 

 277019723461, 277019723695, 277019725099, 277019725879, 277019727907, 

 277019729311, 277019735389, 277019736331, 277019737735, 277019740543, 

 277019741947, 277019742019, 277034052919, 277034057131, 277034066959, 

 277034071171, 277041651671, 277046257493, 277047358627, 277047359797, 

 277047360031, 277047360811, 277047370321, 277047375475, 277047375547, 

 277047376879, 277055587943, 277055588177, 277058107729, 277062711367, 

 277062713551, 277077040591, 277148686711, 277153491547, 277163015935, 

 277163018119, 277191674383, 277191678595, 277196477035, 277206003607, 

 277206005791, 277206007819, 277270996535, 277334612329, 277334614513, 

 282608907659, 282996308465, 287257717331, 287645118137, 293068729421, 

 293456130227, 297717539093, 298104939899, 334719099899, 334719102005, 

 334723863185, 334723867553, 397120075051, 397120075285, 397134365869, 

 397263328885, 408320450603, 408320454971, 409094228699, 409094230805, 

 413032207315, 413032207549, 417274168571, 417274169975, 417274174889, 

 417274176293, 418034128499, 418034128733, 418034129201, 418034133569, 

 418034136923, 418034137625, 418034137769, 418034143481, 418047945965, 

 418047946667, 418047946901, 418047948071, 418047948773, 418047951035, 

 418047952283, 418047952985, 418047954389, 418047954533, 418047955091, 

 418047960947, 418413605467, 487771863655, 487771863889, 508695128747, 

 508695128981, 508881664655, 511019778905, 538556209789, 538556214001, 

 538556221021, 538556225233, 543571948907, 543571955225, 565217785795, 

 565992587407, 574515405139, 575290206751, 586137429319, 586912230931, 

 595435048663, 596209850275, 653769193315, 653769197527, 653778719887, 

 653778722071, 688458235643, 688458235877, 695461724347, 695461736983, 

 700477463465, 700477465571, 700477469081, 700477471187, 727972467223, 

 730297089769, 730297090003, 730670161117, 779110024247, 779110024481, 

 779138605415, 779396531447, 816121978555, 816121980739, 816508867603, 

 816508871815, 820598837539, 820598840347, 820598850175, 820598852983, 

 820958090017, 820958090251, 820958091655, 820958093839, 820958100541, 

 820958107099, 820958108503, 820958108575, 820985725183, 820985726353, 

 820985726587, 820985728771, 820985729395, 820985730799, 820985735473, 

 820985737819, 820985739223, 820985742031, 820985742103, 820985743435, 

 821137478291, 826001465705, 826001465939, 847676017903, 848838279367, 

 851219892835, 851247527767, 879057077431, 880219338895, 913982012047, 

 913996341271, 952279549663, 953441811127, 983660609191, 984822870655, 

 987240806903, 987245412725, 991115011523, 991143669971, 991286962211, 

 991315620659, 1032480218965, 1032485071189, 1032489677011, 1033257865265, 

 1033262471087, 1060398283867, 1060426942315, 1060527246883, 1060555905331, 

 1116358782763, 1120864436563, 1120864436635, 1120878765859, 1120892071495, 

 1123141465849, 1123146071671, 1123146073855, 1123160403079, 1123184455705, 

 1123189059343, 1123189061527, 1123203390751, 1123216694275, 1123216696459, 

 1123275036871, 1123279839523, 1123282473443, 1123289363911, 1123289366095, 

 1123318024543, 1123322825011, 1123332351583, 1123332353767, 1123417972633, 

 1123417974817, 1123914259457, 1123918865279, 1123956776897, 1123956783215, 

 1127063266147, 1127192229163, 1466461054805, 1466461054811, 1466461054967, 

 1466461054973, 1466461059179, 1466461059185, 1466461059341, 1466461059347, 

 1466461369733, 1466462157109, 1466469557861, 1466469872789, 1466489754077, 

 1466490856381, 1466690637317, 1466690952245, 1466699140373, 1466699455301, 

 1467235895783, 1467236998087, 1467264595055, 1467265697359, 1468785695837, 

 1468785695843, 1468785695999, 1468785696005, 1468785700211, 1468785700217, 

 1468785700373, 1468785700379, 1487381761211, 1487382863515, 1487410460483, 

 1487411562787, 1488156602189, 1488157704493, 1488185301461, 1488186403765, 

 1491261320149, 1492806987973, 1571873440309, 1613682179137, 1633826706485, 

 1633827021413, 1633835209541, 1633835524469, 1634056288997, 1634056603925, 

 1634064792053, 1634065106981, 1636159861811, 1636245825923, 1694770934597, 

 1697095457525, 1702419036539, 1702432854005, 1733800096145, 1733828754593, 

 1757533053653, 1759857576581, 1806965244383, 1807022561279, 1807223170415, 

 1807280487311, 1833754343579, 1833754343723, 1833768161045, 1833783002171, 

 1834529416265, 1834787342297, 1838317641173, 1838317645541, 1838322246995, 

 1838346303989, 1838403616517, 1838403620885, 1838408226707, 1838417433983, 

 1838417438351, 1838432279333, 1838475616931, 1838475621299, 1838575571573, 

 1838599466735, 1838604225653, 1838604230021, 1838611143499, 1838661546917, 

 1838685437711, 1838690200997, 1838690205365, 1839869370499, 1839873976321, 

 1839959011201, 1839959023837, 1845663769817, 1903977998117, 1906302521045, 

 1928968937207, 1928974035833, 1928978641655, 1930525764691, 1930530370513, 

 1966740117173, 1969064640101, 1970477670889, 1970492000113, 1970563646233, 

 1970577975457, 1974347269687, 1974351875509, 2031320127767, 2031321230071, 

 2031348827039, 2031349929343, 2032094968745, 2032096071049, 2032123668017, 

 2032124770321, 2033673466673, 2037556058351, 2052240834173, 2052241936477, 

 2052269533445, 2052270635749, 2053015675151, 2053016777455, 2053044374423, 

 2053045476727, 2053045476739, 2053045477051, 2053045477063, 2053045485475, 

 2053045485487, 2053045485799, 2053045485811, 2053045634191, 2053049728255, 

 2053049885719, 2053160267983, 2053160425447, 2053164519511, 2053164676975, 

 2057694758791, 2057694758803, 2057694759115, 2057694759127, 2057694767539, 

 2057694767551, 2057694767863, 2057694767875, 2094111064361, 2136728302567, 

 2136728460031, 2136732554095, 2136732711559, 2136843093823, 2136843251287, 

 2136847345351, 2136847502815, 2141381841787, 2141553786859, 2198694323327, 

 2825687673887, 2825696885531, 2828556973047, 2829719234511, 2833436083127, 

 2833450412351, 2833522058471, 2833536387695, 2859938032575, 2861100294039, 

 2915526237245, 2915535448889, 2916305172027, 2916310024251, 2916314383671, 

 2933160504807, 2934322766271, 2961599598789, 2961613416255, 2964541564335, 

 2965703825799, 2992966329171, 2992980658395, 3066074160513, 3066102818961, 

 3066203123529, 3066231781977, 3083493755439, 3096796501871, 3096796508189, 

 3096839025629, 3096848237273, 3097436129793, 3097440890895, 3097440893079, 

 3097455220119, 3097470072437, 3097479115281, 3097483878567, 3097483880751, 

 3097498207791, 3097569853911, 3097574971491, 3097584183135, 3097584185319, 

 3097598000601, 3097598002785, 3097612841583, 3097617961347, 3097627170807, 

 3097627172991, 3097741096011, 3097741098195, 3099894506181, 3099908835405, 

 3099908835477, 3099922652943, 3105203629359, 3105332592375, 3185977859475, 

 3223889674997, 3223889675003, 3223889675159, 3223889675165, 3223889679371, 

 3223889679377, 3223889679533, 3223889679539, 3226214316029, 3226214316035, 

 3226214316191, 3226214316197, 3226214320403, 3226214320409, 3226214320565, 

 3226214320571, 3226214478035, 3226216525179, 3226218572099, 3226218729563, 

 3226271719115, 3226273923723, 3226329111827, 3226329269291, 3226333363355, 

 3226333520819, 3227764002527, 3227766207135, 3227821401071, 3227823605679, 

 3266504004291, 3268055733383, 3268057937991, 3268113131927, 3268115336535, 

 3269605415339, 3269607619947, 3269662813883, 3269665018491, 3271932263793, 

 3307490781557, 3307576762517, 3309897146411, 3309897303875, 3309901397939, 

 3309901555403, 3310011937667, 3310012095131, 3310016189195, 3310016346659, 

 3332369857269, 3399829483869, 3399829484337, 3404997214541, 3404997216725, 

 3405384101483, 3405384103589, 3409474065803, 3409474067207, 3409474072121, 

 3409474073525, 3409860954149, 3409860954851, 3409860954923, 3409860956255, 

 3409860956957, 3409860960467, 3409860961169, 3409860962573, 3409860963041, 

 3409860963275, 3409860964757, 3409860967967, 3409874771615, 3409874771687, 

 3409874772317, 3409874780039, 3409874780741, 3409874781209, 3409874782223, 

 3409874785433, 3410074869669, 3430665539931, 3430794502947, 3430808793063, 

 3430808793531, 3493743885791, 3493743887975, 3493748646971, 3493748649077, 

 3514693832117, 3515081232923, 3519342641789, 3519730042595, 3525153653879, 

 3525541054685, 3529802463551, 3530189864357, 3591010246031, 3591196781237, 

 3591196781705, 3595846054175, 3612112370271, 3612112370739, 3650877488817, 

 3650877490923, 3650877494433, 3650877496539, 3660908960735, 3660908967053, 

 3675845580303, 3676720760115, 3677007841767, 3681728307387, 3681773026487, 

 3681773028671, 3681830137427, 3681830138129, 3681830138201, 3681830145851, 

 3681830146319, 3681830146553, 3681830148737, 3681830150543, 3681833768175, 

 3681842979819, 3681843954893, 3681843954965, 3681843955595, 3681843956999, 

 3681843957701, 3681843961211, 3681843961913, 3681843963317, 3681843964019, 

 3681843964487, 3681843966203, 3681843968009, 3681848058291, 3681848058759, 

 3681853175663, 3681853176131, 3681857269935, 3681857270403, 3681857276721, 

 3681858284117, 3681858286223, 3681858291137, 3681858293243, 3681886951691, 

 3681886953875, 3681896165519, 3681899787375, 3681899787843, 3681901280915, 

 3681972927035, 3681987256259, 3681987258443, 3681992021729, 3682015912601, 

 3682015914707, 3682030241825, 3682030243931, 3682030246115, 3682035007217, 

 3695720164127, 3695977381571, 3701869901405, 3701989820321, 3701989823129, 

 3701989826639, 3701989829447, 3701993923719, 3701993999535, 3701999041559, 

 3702003135831, 3702003142149, 3702123063873, 3707226639831, 3708388901295, 

 3717290105477, 3737636368989, 3742165903671, 3742281560303, 3742285654575, 

 3742285996007, 3742290430983, 3742290772415, 3742294866687, 3742338877199, 

 3742343050095, 3742410523319, 3742467840215, 3756157760411, 3757782234417, 

 3757782247533, 3762307497689, 3762427425731, 3762427426199, 3762431520003, 

 3762431520471, 3762431595819, 3762431861435, 3762436296411, 3762436372227, 

 3762436637375, 3762436637843, 3762440731647, 3762440732115, 3762488915523, 

 3762560660157, 3762618055677, 3767291183331, 3780449112063, 3781611373527, 

 3797109019691, 3797496420497, 3801757829363, 3802145230169, 3807568841453, 

 3807914260553, 3807956242259, 3811830171591, 3812217651125, 3812605051931, 

 3812605406207, 3812609460699, 3812609814975, 3812614617383, 3812614971659, 

 3812619026151, 3812619380427, 3812719837355, 3812720191631, 3812724246123, 

 3812724600399, 3812729402807, 3812729757083, 3812733811575, 3812734165851, 

 3812863319135, 3812863673411, 3812867727903, 3812868082179, 3812872884587, 

 3812873238863, 3812877293355, 3812877647631, 3812978104559, 3812978458835, 

 3812982513327, 3812982867603, 3812987670011, 3812988024287, 3812992078779, 

 3812992433055, 3813379833861, 3813767313395, 3817641242727, 3817683224433, 

 3818028643533, 3823452254817, 3823839655623, 3828101064489, 3828488465295, 

 3843986111459, 3845148372923, 3858306301655, 3862979429309, 3863036824829, 

 3863108569463, 3863156752871, 3863156753339, 3863160847143, 3863160847611, 

 3863161112759, 3863161188575, 3863165623551, 3863165889167, 3863165964515, 

 3863165964983, 3863170058787, 3863170059255, 3863289987297, 3867815237453, 

 3867815250569, 3869439724575, 3883129644771, 3883186961667, 3883254434891, 

 3883258607787, 3883302618299, 3883306712571, 3883307054003, 3883311488979, 

 3883311830411, 3883315924683, 3883431581315, 3887961115997, 3908307379509, 

 3917208583691, 3918370845155, 3923474421113, 3923594342837, 3923594349155, 

 3923598443427, 3923603485451, 3923603561267, 3923607655539, 3923607658347, 

 3923607661857, 3923607664665, 3923727583581, 3929620103415, 3929877320859, 

 3943562477769, 3943567238871, 3943567241055, 3943567243161, 3943581570279, 

 3943581572385, 3943605463257, 3943610226543, 3943610228727, 3943624557951, 

 3943696204071, 3943697697143, 3943697697611, 3943701319467, 3943710531111, 

 3943710533295, 3943739191743, 3943739193849, 3943739198763, 3943739200869, 

 3943740208265, 3943740214583, 3943740215051, 3943744308855, 3943744309323, 

 3943749426227, 3943749426695, 3943753516977, 3943753518783, 3943753520499, 

 3943753520967, 3943753521669, 3943753523073, 3943753523775, 3943753527285, 

 3943753527987, 3943753529391, 3943753530021, 3943753530093, 3943754505167, 

 3943763716811, 3943767334443, 3943767336249, 3943767338433, 3943767338667, 

 3943767339135, 3943767346785, 3943767346857, 3943767347559, 3943824456315, 

 3943824458499, 3943869177599, 3948589643219, 3948876724871, 3949751904683, 

 3964688517933, 3964688524251, 3974719988447, 3974719990553, 3974719994063, 

 3974719996169, 4013485114247, 4013485114715, 4029751430811, 4034400703281, 

 4034400703749, 4034587238955, 4095407620629, 4095795021435, 4100056430301, 

 4100443831107, 4105867442391, 4106254843197, 4110516252063, 4110903652869, 

 4131848835909, 4131848838015, 4131853597011, 4131853599195, 4194788691455, 

 4194788691923, 4194802982039, 4194931945055, 4215522615317, 4215722699553, 

 4215722702763, 4215722703777, 4215722704245, 4215722704947, 4215722712669, 

 4215722713299, 4215722713371, 4215736517019, 4215736520229, 4215736521711, 

 4215736521945, 4215736522413, 4215736523817, 4215736524519, 4215736528029, 

 4215736528731, 4215736530063, 4215736530135, 4215736530837, 4216123411461, 

 4216123412865, 4216123417779, 4216123419183, 4220213381397, 4220213383503, 

 4220600268261, 4220600270445, 4225768000649, 4225768001117, 4293227627717, 

 4315581138327, 4315581295791, 4315585389855, 4315585547319, 4315695929583, 

 4315696087047, 4315700181111, 4315700338575, 4318020722469, 4318106703429, 

 4353665221193, 4355932466495, 4355934671103, 4355989865039, 4355992069647, 

 4357482148451, 4357484353059, 4357539546995, 4357541751603, 4359093480695, 

 4397773879307, 4397776083915, 4397831277851, 4397833482459, 4399263964167, 

 4399264121631, 4399268215695, 4399268373159, 4399323561263, 4399325765871, 

 4399378755423, 4399378912887, 4399380959807, 4399383006951, 4399383164415, 

 4399383164421, 4399383164577, 4399383164583, 4399383168789, 4399383168795, 

 4399383168951, 4399383168957, 4401707805447, 4401707805453, 4401707805609, 

 4401707805615, 4401707809821, 4401707809827, 4401707809983, 4401707809989, 

 4439619625511, 4520264892611, 4520393855627, 4525674832043, 4525688649509, 

 4525688649581, 4525702978805, 4527856386791, 4527856388975, 4527970311995, 

 4527970314179, 4527979523639, 4527984643403, 4527999482201, 4527999484385, 

 4528013299667, 4528013301851, 4528022513495, 4528027631075, 4528099277195, 

 4528113604235, 4528113606419, 4528118369705, 4528127412549, 4528142264867, 

 4528156591907, 4528156594091, 4528161355193, 4528749247713, 4528758459357, 

 4528800976797, 4528800983115, 4542103729547, 4559365703009, 4559394361457, 

 4559494666025, 4559523324473, 4632616826591, 4632631155815, 4659893659187, 

 4661055920651, 4663984068731, 4663997886197, 4691274718715, 4692436980179, 

 4709283101315, 4709287460735, 4709292312959, 4710062036097, 4710071247741, 

 4764497190947, 4765659452411, 4792061097291, 4792075426515, 4792147072635, 

 4792161401859, 4795878250475, 4797040511939, 4799900599455, 4799909811099, 

 5426903161659, 5484043698127, 5484215643199, 5488749982171, 5488750139635, 

 5488754233699, 5488754391163, 5488864773427, 5488864930891, 5488869024955, 

 5488869182419, 5531486420625, 5567902717111, 5567902717123, 5567902717435, 

 5567902717447, 5567902725859, 5567902725871, 5567902726183, 5567902726195, 

 5572432808011, 5572432965475, 5572437059539, 5572437217003, 5572547599267, 

 5572547756731, 5572551850795, 5572551999175, 5572551999187, 5572551999499, 

 5572551999511, 5572552007923, 5572552007935, 5572552008247, 5572552008259, 

 5572553110563, 5572580707531, 5572581809835, 5573326849237, 5573327951541, 

 5573355548509, 5573356650813, 5588041426635, 5591924018313, 5593472714665, 

 5593473816969, 5593501413937, 5593502516241, 5594247555643, 5594248657947, 

 5594276254915, 5594277357219, 5651245609477, 5651250215299, 5655019509529, 

 5655033838753, 5655105484873, 5655119814097, 5656532844885, 5658857367813, 

 5695067114473, 5695071720295, 5696618843331, 5696623449153, 5696628547779, 

 5719294963941, 5721619486869, 5779933715169, 5785638461149, 5785638473785, 

 5785723508665, 5785728114487, 5786907279621, 5786907283989, 5786912047275, 

 5786935938069, 5786986341487, 5786993254965, 5786993259333, 5786998018251, 

 5787021913413, 5787121863687, 5787121868055, 5787165205653, 5787180046635, 

 5787180051003, 5787189258279, 5787193864101, 5787193868469, 5787251180997, 

 5787275237991, 5787279839445, 5787279843813, 5790810142689, 5791068068721, 

 5791814482815, 5791829323941, 5791843141263, 5791843141407, 5818316997675, 

 5818374314571, 5818574923707, 5818632240603, 5865739908405, 5868064431333, 

 5891768730393, 5891797388841, 5923164630981, 5923178448447, 5928502027461, 

 5930826550389, 5989351659063, 5989437623175, 5991532378005, 5991532692933, 

 5991540881061, 5991541195989, 5991761960517, 5991762275445, 5991770463573, 

 5991770778501, 6011915305849, 6053724044677, 6132790497013, 6134336164837, 

 6137411081221, 6137412183525, 6137439780493, 6137440882797, 6138185922199, 

 6138187024503, 6138214621471, 6138215723775, 6156811784607, 6156811784613, 

 6156811784769, 6156811784775, 6156811788981, 6156811788987, 6156811789143, 

 6156811789149, 6158331787627, 6158332889931, 6158360486899, 6158361589203, 

 6158898029685, 6158898344613, 6158906532741, 6158906847669, 6159106628605, 

 6159107730909, 6159127612197, 6159127927125, 6159135327877, 6159136115253, 

 6159136425639, 6159136425645, 6159136425801, 6159136425807, 6159136430013, 

 6159136430019, 6159136430175, 6159136430181, 6498405255823, 6498534218839, 

 6501640701771, 6501640708089, 6501678619707, 6501683225529, 6502179510169, 

 6502179512353, 6502265131219, 6502265133403, 6502274659975, 6502279460443, 

 6502308118891, 6502308121075, 6502315011543, 6502317645463, 6502322448115, 

 6502380788527, 6502380790711, 6502394094235, 6502408423459, 6502408425643, 

 6502413029281, 6502437081907, 6502451411131, 6502451413315, 6502456019137, 

 6504705413491, 6504718719127, 6504733048351, 6504733048423, 6509238702223, 

 6565041579655, 6565070238103, 6565170542671, 6565199201119, 6592335013899, 

 6592339619721, 6593107807975, 6593112413797, 6593117266021, 6634281864327, 

 6634310522775, 6634453815015, 6634482473463, 6638352072261, 6638356678083, 

 6640774614331, 6641936875795, 6672155673859, 6673317935323, 6711601143715, 

 6711615472939, 6745378146091, 6746540407555, 6774349957219, 6774377592151, 

 6776759205619, 6777921467083, 6799596019047, 6799596019281, 6804460006695, 

 6804611741551, 6804611742883, 6804611742955, 6804611745763, 6804611747167, 

 6804611749513, 6804611754187, 6804611755591, 6804611756215, 6804611758399, 

 6804611758633, 6804611759803, 6804639376411, 6804639376483, 6804639377887, 

 6804639384445, 6804639391147, 6804639393331, 6804639394735, 6804639394969, 

 6804998632003, 6804998634811, 6804998644639, 6804998647447, 6809088613171, 

 6809088617383, 6809475504247, 6809475506431, 6846200953539, 6846458879571, 

 6846487460505, 6846487460739, 6894927323869, 6895300394983, 6895300395217, 

 6897625017763, 6925120013799, 6925120015905, 6925120019415, 6925120021521, 

 6930135748003, 6930135760639, 6937139249109, 6937139249343, 6971818762915, 

 6971818765099, 6971828287459, 6971828291671, 7029387634711, 7030162436323, 

 7038685254055, 7039460055667, 7050307278235, 7051082079847, 7059604897579, 

 7060379699191, 7082025529761, 7082025536079, 7087041259753, 7087041263965, 

 7087041270985, 7087041275197, 7114577706081, 7116715820331, 7116902356005, 

 7116902356239, 7137825621097, 7137825621331, 7207183879519, 7207549524039, 

 7207549529895, 7207549530453, 7207549530597, 7207549532001, 7207549532703, 

 7207549533951, 7207549536213, 7207549536915, 7207549538085, 7207549538319, 

 7207549539021, 7207563341505, 7207563347217, 7207563347361, 7207563348063, 

 7207563351417, 7207563355785, 7207563356253, 7207563356487, 7208323308693, 

 7208323310097, 7208323315011, 7208323316415, 7212565277437, 7212565277671, 

 7216503254181, 7216503256287, 7217277030015, 7217277034383, 7228334156101, 

 7228463119117, 7228477409701, 7228477409935, 7290873617433, 7290873621801, 

 7290878382981, 7290878385087, 7327492545087, 7327879945893, 7332141354759, 

 7332528755565, 7337952366849, 7338339767655, 7342601176521, 7342988577327, 

 7348262870473, 7348262872657, 7348326488451, 7348391477167, 7348391479195, 

 7348391481379, 7348401007951, 7348405806391, 7348405810603, 7348434466867, 

 7348434469051, 7348443993439, 7348448798275, 7348520444395, 7348534771435, 

 7348534773619, 7348539377257, 7348541896809, 7348541897043, 7348550108107, 

 7348550109439, 7348550109511, 7348550114665, 7348550124175, 7348550124955, 

 7348550125189, 7348550126359, 7348551227493, 7348555833315, 7348563413815, 

 7348563418027, 7348563427855, 7348563432067, 7348577742967, 7348577743039, 

 7348577744443, 7348577747251, 7348577748655, 7348577749597, 7348577755675, 

 7348577757079, 7348577759107, 7348577759887, 7348577761291, 7348577761525, 

 7348579808427, 7348579808661, 7348582367113, 7348582367347, 7348584408165, 

 7348584414249, 7348584414483, 7351110059397, 7353291041499, 7353434582325, 

 7355236441477, 7355365050199, 7358397019753, 7358523600987, 7358650675753, 

 7358650681369, 7358650688389, 7358650694005, 7358652741141, 7358652892773, 

 7358655300061, 7358657340879, 7358657347197, 7376473950087, 7378545286593, 

 7378610279521, 7378667596417, 7378739242537, 7378741211049, 7378796559433, 

 7378798606569, 7378801165489, 7378803212625, 7378805941897, 7378808159385, 

 7385455239619, 7386546882801, 7386546889359, 7388615817895, 7388685003609, 

 7388742399129, 7388814143763, 7388869492147, 7388869492381, 7388871539283, 

 7388871539517, 7388871690915, 7388874097969, 7388874098203, 7388876145105, 

 7388876145339, 7388878874611, 7388881092099, 7388881243731, 7413872178453, 

 7416196701381, 7434020602489, 7438865690425, 7438980481465, 7439107062699, 

 7439123970733, 7439234155717, 7439234155951, 7439236202853, 7439236203087, 

 7439238761539, 7439238761773, 7439238837589, 7439240808675, 7439240808909, 

 7439243538181, 7439243613997, 7439245755669, 7441563384319, 7441563390877, 

 7442096221701, 7448941181799, 7449055815591, 7449178125415, 7449196903447, 

 7449199107831, 7449307088431, 7449309135567, 7449311694487, 7449313741623, 

 7449316470895, 7449318688383, 7451636323591, 7469199279607, 7469325860841, 

 7469452941223, 7469452953859, 7469455000995, 7469457559915, 7469457635731, 

 7469459597925, 7469459600733, 7469459604243, 7469459607051, 7472186411121, 

 7472315019843, 7479159975573, 7479159977835, 7479159979941, 7479164743227, 

 7479188636283, 7479188638389, 7479245950917, 7479245955285, 7479250714203, 

 7479274613733, 7479288584295, 7479288588663, 7479396923557, 7479417905973, 

 7479440851693, 7479440851927, 7479441954231, 7479446560053, 7479446564421, 

 7479503872191, 7479503874297, 7479503879211, 7479503881317, 7479511595989, 

 7479516201811, 7479518706615, 7479518713173, 7479518713731, 7479518713875, 

 7479518717931, 7479518721363, 7479518721597, 7479518722299, 7479525873937, 

 7479525886573, 7479525886807, 7479527933709, 7479527933943, 7479530492395, 

 7479530492629, 7479532524081, 7479532530495, 7479532530639, 7479532531341, 

 7479532532745, 7479532533447, 7479532535397, 7479532536957, 7479532537659, 

 7479532539063, 7479532539531, 7479532539765, 7488063221587, 7489225483051, 

 7489369023877, 7519444281115, 7520606542579, 7529529239505, 7534560844395, 

 7560317122917, 7562641645845, 7580068403557, 7592666753347, 7593829014811, 

 7594218009859, 7594992811471, 7603515629203, 7604290430815, 7609907732661, 

 7610295133467, 7614556542333, 7614943943139, 7615137653383, 7615310362933, 

 7615912454995, 7620194844873, 7620367554423, 7620754955229, 7623079241973, 

 7624047812875, 7624435272727, 7625016364095, 7625210074339, 7625210251477, 

 7625212278723, 7625212455861, 7625214857065, 7625215034203, 7625217061449, 

 7625217238587, 7625267467051, 7625267644189, 7625269671435, 7625269848573, 

 7625272249777, 7625272426915, 7625274454161, 7625274631299, 7625339207941, 

 7625339385079, 7625341412325, 7625341589463, 7625343990667, 7625344167805, 

 7625346195051, 7625346372189, 7625396600653, 7625396777791, 7625398805037, 

 7625398982175, 7625401383379, 7625401560517, 7625403587763, 7625403764901

